nServices=7;
nBuses=5;
nDrivers=6;
time_start=[598.980161839 823.063876501 798.514728101 346.137293483 960.251190761 136.853391585 110.620164795];
duration_min=[37.6108712782 49.3165131427 23.4839066155 9.57494661783 36.1709819118 48.9264239447 15.0286553075];
duration_km=[16.8854713017 10.3287689228 15.1715383774 1.64468204485 13.7755487109 15.5455824235 8.47357960508];
nPassengers=[33 26 11 20 15 15 18];
cap_b=[55 65 70 64 67];
euros_min_b=[0.448345057578 0.8015686191 0.932209168075 0.772026655805 1.35834379987];
euros_km_b=[2.55612980112 2.01668405478 1.68876576212 1.89090053756 2.76439497414];
maxBuses=45;
max_d=[468 373 391 463 326 389];
CBM=0.200000;
CEM=0.300000;
BM=100;